0  0  1
1  0  2
2  1  2
3  1  3
4  1  4
5  1  5
6  1  4
7  1  5
8  2  5
9  1  5
10  1  4
11  1  3
12  1  4
13  1  3
14  1  2
15  2  2
16  3  2
17  4  2
18  4  1
19  3  1
20  4  1
21  4  2
22  5  2
23  4  2
24  4  1
25  4  2
26  4  1
27  5  1
28  5  2
29  6  2
30  5  2
31  6  2
32  5  2
33  5  1
34  5  0
35  5  -1
36  5  0
37  4  0
38  3  0
39  3  1
40  4  1
41  3  1
42  4  1
43  5  1
44  5  2
45  6  2
46  6  1
47  5  1
48  5  0
49  5  1
50  6  1
51  6  2
52  5  2
53  6  2
54  5  2
55  6  2
56  5  2
57  6  2
58  7  2
59  6  2
60  6  3
61  6  2
62  5  2
63  5  3
64  5  2
65  5  3
66  6  3
67  6  2
68  6  3
69  7  3
70  8  3
71  8  4
72  8  5
73  7  5
74  8  5
75  8  6
76  8  5
77  7  5
78  8  5
79  7  5
80  7  4
81  8  4
82  8  3
83  8  4
84  8  5
85  9  5
86  9  6
87  10  6
88  9  6
89  9  7
90  9  8
91  9  9
92  9  8
93  9  9
94  9  10
95  9  11
96  9  10
97  8  10
98  9  10
99  9  11
100  10  11
101  10  10
102  10  9
103  11  9
104  11  8
105  10  8
106  10  9
107  10  8
108  11  8
109  11  9
110  10  9
111  9  9
112  8  9
113  8  10
114  9  10
115  9  9
116  10  9
117  11  9
118  11  8
119  11  9
120  10  9
121  11  9
122  11  8
123  11  9
124  10  9
125  10  8
126  11  8
127  12  8
128  13  8
129  13  9
130  14  9
131  15  9
132  15  10
133  14  10
134  13  10
135  13  9
136  14  9
137  13  9
138  14  9
139  14  10
140  13  10
141  12  10
142  13  10
143  12  10
144  11  10
145  10  10
146  9  10
147  9  11
148  9  12
149  8  12
150  7  12
151  8  12
152  8  11
153  9  11
154  8  11
155  7  11
156  8  11
157  8  10
158  8  9
159  8  10
160  7  10
161  7  11
162  6  11
163  5  11
164  6  11
165  5  11
166  4  11
167  3  11
168  4  11
169  3  11
170  2  11
171  1  11
172  2  11
173  2  12
174  2  11
175  2  10
176  2  11
177  2  12
178  2  13
179  2  12
180  1  12
181  1  11
182  1  12
183  1  13
184  1  14
185  1  13
186  1  14
187  0  14
188  -1  14
189  -1  13
190  0  13
191  -1  13
192  0  13
193  -1  13
194  -2  13
195  -3  13
196  -2  13
197  -3  13
198  -4  13
199  -3  13
200  -3  12
201  -2  12
202  -2  13
203  -2  12
204  -3  12
205  -2  12
206  -2  11
207  -2  10
208  -3  10
209  -2  10
210  -1  10
211  0  10
212  0  11
213  -1  11
214  -1  12
215  -2  12
216  -2  11
217  -3  11
218  -2  11
219  -2  12
220  -2  11
221  -2  12
222  -2  13
223  -1  13
224  -1  14
225  -2  14
226  -2  13
227  -3  13
228  -3  14
229  -3  15
230  -3  16
231  -3  15
232  -2  15
233  -3  15
234  -2  15
235  -1  15
236  -2  15
237  -1  15
238  0  15
239  0  16
240  1  16
241  1  15
242  1  14
243  1  13
244  0  13
245  -1  13
246  -1  14
247  -2  14
248  -2  13
249  -1  13
250  0  13
251  0  14
252  -1  14
253  -1  15
254  -2  15
255  -2  14
256  -3  14
257  -2  14
258  -2  15
259  -2  14
260  -3  14
261  -3  15
262  -2  15
263  -3  15
264  -3  14
265  -3  13
266  -4  13
267  -3  13
268  -2  13
269  -2  12
270  -3  12
271  -3  13
272  -2  13
273  -3  13
274  -2  13
275  -2  12
276  -2  11
277  -2  12
278  -2  11
279  -1  11
280  -1  12
281  -1  11
282  -1  12
283  -2  12
284  -2  13
285  -2  14
286  -2  15
287  -3  15
288  -3  14
289  -3  15
290  -4  15
291  -4  16
292  -4  15
293  -4  16
294  -3  16
295  -2  16
296  -3  16
297  -3  17
298  -3  16
299  -4  16
300  -5  16
301  -5  17
302  -4  17
303  -3  17
304  -3  18
305  -3  17
306  -3  16
307  -2  16
308  -2  15
309  -2  16
310  -3  16
311  -2  16
312  -1  16
313  -1  17
314  -1  16
315  -1  15
316  0  15
317  0  14
318  0  13
319  1  13
320  2  13
321  2  12
322  2  13
323  1  13
324  0  13
325  0  12
326  1  12
327  1  11
328  0  11
329  0  10
330  0  9
331  0  8
332  1  8
333  1  9
334  1  8
335  1  9
336  1  10
337  0  10
338  -1  10
339  -1  11
340  -1  12
341  -1  13
342  -2  13
343  -2  14
344  -2  13
345  -3  13
346  -3  12
347  -3  11
348  -4  11
349  -4  10
350  -4  11
351  -4  12
352  -4  11
353  -4  10
354  -4  11
355  -4  12
356  -3  12
357  -3  13
358  -4  13
359  -4  12
360  -5  12
361  -5  13
362  -5  14
363  -6  14
364  -6  13
365  -6  14
366  -7  14
367  -8  14
368  -8  15
369  -7  15
370  -7  14
371  -6  14
372  -7  14
373  -7  15
374  -6  15
375  -5  15
376  -6  15
377  -7  15
378  -8  15
379  -9  15
380  -9  14
381  -9  13
382  -10  13
383  -11  13
384  -11  14
385  -11  15
386  -12  15
387  -11  15
388  -10  15
389  -9  15
390  -8  15
391  -7  15
392  -8  15
393  -7  15
394  -7  14
395  -7  13
396  -8  13
397  -8  14
398  -7  14
399  -7  13
400  -6  13
401  -6  14
402  -6  13
403  -6  12
404  -6  11
405  -6  12
406  -6  13
407  -7  13
408  -8  13
409  -8  14
410  -7  14
411  -7  15
412  -6  15
413  -5  15
414  -4  15
415  -4  16
416  -3  16
417  -3  15
418  -3  14
419  -4  14
420  -4  15
421  -5  15
422  -5  14
423  -4  14
424  -3  14
425  -3  13
426  -2  13
427  -2  12
428  -1  12
429  -1  13
430  -1  12
431  -2  12
432  -3  12
433  -2  12
434  -1  12
435  -2  12
436  -1  12
437  -1  11
438  -1  10
439  0  10
440  0  9
441  1  9
442  1  8
443  2  8
444  2  7
445  2  6
446  3  6
447  4  6
448  5  6
449  5  7
450  5  8
451  5  9
452  4  9
453  4  10
454  4  9
455  3  9
456  2  9
457  2  10
458  2  11
459  3  11
460  3  12
461  3  11
462  2  11
463  2  10
464  2  11
465  2  10
466  2  11
467  3  11
468  2  11
469  2  10
470  2  11
471  2  12
472  3  12
473  3  13
474  3  14
475  2  14
476  2  15
477  2  14
478  2  13
479  2  12
480  1  12
481  1  13
482  1  12
483  0  12
484  -1  12
485  -1  11
486  0  11
487  1  11
488  0  11
489  -1  11
490  -2  11
491  -2  12
492  -2  11
493  -2  12
494  -3  12
495  -4  12
496  -4  11
497  -3  11
498  -3  10
499  -3  9
