0  0  -1
1  0  0
2  0  -1
3  0  -2
4  0  -1
5  1  -1
6  1  -2
7  1  -3
8  1  -2
9  0  -2
10  1  -2
11  1  -3
12  0  -3
13  0  -2
14  0  -1
15  0  -2
16  1  -2
17  1  -1
18  2  -1
19  2  0
20  1  0
21  0  0
22  -1  0
23  -1  -1
24  -1  -2
25  -1  -3
26  -1  -2
27  -2  -2
28  -2  -1
29  -3  -1
30  -2  -1
31  -2  0
32  -2  -1
33  -3  -1
34  -3  -2
35  -2  -2
36  -2  -3
37  -1  -3
38  0  -3
39  1  -3
40  2  -3
41  2  -4
42  2  -5
43  3  -5
44  3  -6
45  4  -6
46  3  -6
47  4  -6
48  3  -6
49  3  -5
50  2  -5
51  2  -4
52  1  -4
53  1  -5
54  0  -5
55  1  -5
56  2  -5
57  3  -5
58  2  -5
59  3  -5
60  3  -6
61  2  -6
62  3  -6
63  2  -6
64  2  -7
65  2  -6
66  2  -7
67  3  -7
68  3  -8
69  3  -7
70  3  -6
71  2  -6
72  2  -7
73  1  -7
74  1  -6
75  0  -6
76  0  -5
77  1  -5
78  1  -4
79  0  -4
80  1  -4
81  0  -4
82  0  -5
83  0  -4
84  1  -4
85  1  -3
86  2  -3
87  2  -4
88  2  -3
89  2  -4
90  1  -4
91  2  -4
92  2  -5
93  3  -5
94  2  -5
95  3  -5
96  3  -4
97  3  -3
98  4  -3
99  5  -3
100  5  -2
101  5  -3
102  4  -3
103  4  -2
104  3  -2
105  3  -3
106  4  -3
107  4  -4
108  4  -3
109  4  -4
110  3  -4
111  2  -4
112  2  -3
113  2  -2
114  2  -1
115  3  -1
116  4  -1
117  4  -2
118  4  -1
119  4  0
120  3  0
121  4  0
122  5  0
123  5  1
124  5  2
125  4  2
126  4  1
127  4  2
128  5  2
129  6  2
130  7  2
131  8  2
132  8  1
133  7  1
134  6  1
135  6  0
136  7  0
137  7  -1
138  6  -1
139  7  -1
140  6  -1
141  5  -1
142  6  -1
143  5  -1
144  6  -1
145  6  0
146  5  0
147  5  1
148  5  0
149  5  -1
150  5  0
151  4  0
152  4  1
153  4  0
154  5  0
155  5  1
156  4  1
157  4  2
158  4  1
159  5  1
160  5  0
161  5  1
162  5  0
163  5  1
164  4  1
165  3  1
166  4  1
167  3  1
168  4  1
169  5  1
170  4  1
171  3  1
172  4  1
173  3  1
174  3  0
175  3  -1
176  3  -2
177  3  -1
178  3  -2
179  3  -3
180  3  -2
181  3  -3
182  2  -3
183  1  -3
184  1  -4
185  1  -3
186  1  -4
187  1  -3
188  0  -3
189  -1  -3
190  -1  -4
191  0  -4
192  1  -4
193  1  -5
194  0  -5
195  1  -5
196  1  -6
197  0  -6
198  0  -7
199  -1  -7
200  -2  -7
201  -2  -8
202  -3  -8
203  -3  -7
204  -4  -7
205  -3  -7
206  -2  -7
207  -2  -6
208  -3  -6
209  -2  -6
210  -2  -7
211  -2  -6
212  -1  -6
213  -1  -7
214  0  -7
215  0  -8
216  0  -7
217  0  -6
218  -1  -6
219  -1  -5
220  -1  -6
221  -1  -7
222  -1  -8
223  -2  -8
224  -2  -7
225  -1  -7
226  -2  -7
227  -2  -8
228  -2  -7
229  -1  -7
230  0  -7
231  0  -8
232  1  -8
233  2  -8
234  2  -7
235  2  -6
236  2  -5
237  1  -5
238  1  -4
239  1  -5
240  1  -6
241  2  -6
242  1  -6
243  1  -7
244  0  -7
245  1  -7
246  0  -7
247  0  -6
248  0  -7
249  -1  -7
250  0  -7
251  0  -8
252  0  -9
253  1  -9
254  1  -8
255  0  -8
256  -1  -8
257  -1  -7
258  -2  -7
259  -1  -7
260  -1  -8
261  -2  -8
262  -1  -8
263  -2  -8
264  -1  -8
265  -2  -8
266  -3  -8
267  -4  -8
268  -4  -9
269  -4  -8
270  -3  -8
271  -3  -7
272  -3  -8
273  -4  -8
274  -4  -7
275  -4  -8
276  -4  -9
277  -4  -10
278  -4  -9
279  -5  -9
280  -4  -9
281  -4  -8
282  -5  -8
283  -5  -7
284  -4  -7
285  -3  -7
286  -3  -6
287  -3  -7
288  -3  -6
289  -3  -7
290  -3  -8
291  -3  -9
292  -2  -9
293  -2  -8
294  -1  -8
295  -1  -7
296  -1  -8
297  -1  -9
298  -1  -10
299  0  -10
300  1  -10
301  1  -11
302  1  -10
303  2  -10
304  2  -11
305  1  -11
306  1  -10
307  1  -9
308  2  -9
309  2  -8
310  2  -9
311  1  -9
312  0  -9
313  -1  -9
314  -1  -8
315  -2  -8
316  -1  -8
317  0  -8
318  0  -9
319  1  -9
320  1  -8
321  0  -8
322  1  -8
323  1  -9
324  0  -9
325  0  -8
326  0  -7
327  0  -6
328  0  -5
329  0  -4
330  -1  -4
331  -1  -5
332  -1  -4
333  -2  -4
334  -3  -4
335  -3  -3
336  -3  -4
337  -2  -4
338  -3  -4
339  -2  -4
340  -2  -5
341  -2  -6
342  -2  -5
343  -2  -4
344  -3  -4
345  -3  -5
346  -3  -6
347  -4  -6
348  -5  -6
349  -5  -5
350  -5  -6
351  -6  -6
352  -6  -5
353  -6  -4
354  -6  -5
355  -5  -5
356  -4  -5
357  -4  -6
358  -4  -5
359  -3  -5
360  -3  -6
361  -2  -6
362  -2  -7
363  -2  -6
364  -1  -6
365  -1  -5
366  0  -5
367  1  -5
368  2  -5
369  2  -4
370  3  -4
371  2  -4
372  3  -4
373  4  -4
374  5  -4
375  5  -3
376  6  -3
377  6  -2
378  6  -3
379  6  -4
380  6  -3
381  6  -4
382  7  -4
383  8  -4
384  7  -4
385  7  -5
386  7  -4
387  8  -4
388  9  -4
389  8  -4
390  8  -5
391  8  -4
392  7  -4
393  7  -5
394  7  -6
395  7  -5
396  6  -5
397  5  -5
398  5  -6
399  6  -6
400  5  -6
401  5  -7
402  5  -8
403  5  -9
404  5  -8
405  4  -8
406  3  -8
407  3  -9
408  3  -10
409  3  -11
410  2  -11
411  1  -11
412  2  -11
413  2  -10
414  2  -9
415  2  -10
416  3  -10
417  4  -10
418  3  -10
419  2  -10
420  2  -11
421  3  -11
422  2  -11
423  2  -10
424  2  -9
425  2  -10
426  1  -10
427  0  -10
428  0  -9
429  0  -10
430  0  -11
431  0  -10
432  1  -10
433  2  -10
434  3  -10
435  2  -10
436  1  -10
437  0  -10
438  1  -10
439  1  -9
440  1  -8
441  2  -8
442  2  -9
443  1  -9
444  1  -10
445  1  -9
446  2  -9
447  2  -10
448  2  -11
449  1  -11
450  1  -12
451  0  -12
452  0  -11
453  1  -11
454  0  -11
455  0  -10
456  -1  -10
457  -1  -9
458  -1  -10
459  -2  -10
460  -2  -11
461  -2  -12
462  -2  -13
463  -1  -13
464  -1  -12
465  -1  -11
466  -2  -11
467  -2  -10
468  -1  -10
469  0  -10
470  0  -9
471  1  -9
472  2  -9
473  3  -9
474  3  -10
475  4  -10
476  4  -9
477  3  -9
478  2  -9
479  2  -8
480  3  -8
481  4  -8
482  4  -9
483  3  -9
484  4  -9
485  4  -8
486  3  -8
487  3  -9
488  3  -8
489  2  -8
490  3  -8
491  2  -8
492  2  -9
493  2  -10
494  2  -11
495  2  -10
496  3  -10
497  3  -11
498  3  -12
499  2  -12
